Core, 0
Cumulative Cycles, 23868560            
Cumulative Instructions, 20000000            
Cumulative IPC, 0.83792
Periodic Cycles, 12067193            
Periodic Instructions, 9999999             
Periodic IPC, 0.82869

PREF_DL0REQ_QUEUE_HIT_BY_DEMAND_count,             0
PREF_DL0REQ_QUEUE_HIT_BY_DEMAND_total_count,             0

PREF_UMLC_REQ_QUEUE_HIT_BY_DEMAND_count,             0
PREF_UMLC_REQ_QUEUE_HIT_BY_DEMAND_total_count,             0

PREF_UL1REQ_QUEUE_HIT_BY_DEMAND_count,             0
PREF_UL1REQ_QUEUE_HIT_BY_DEMAND_total_count,             0

PREF_DL0REQ_QUEUE_FULL_count,             0
PREF_DL0REQ_QUEUE_FULL_total_count,             0

PREF_UMLC_REQ_QUEUE_FULL_count,             0
PREF_UMLC_REQ_QUEUE_FULL_total_count,             0

PREF_UL1REQ_QUEUE_FULL_count,             0
PREF_UL1REQ_QUEUE_FULL_total_count,             0

PREF_DC_HIT_NOSEND_count,             0
PREF_DC_HIT_NOSEND_total_count,             0

PREF_WBQDC_HIT_NOSEND_count,             0
PREF_WBQDC_HIT_NOSEND_total_count,             0

PREF_MLCQ_STALL_count,             0
PREF_MLCQ_STALL_total_count,             0

PREF_L1Q_STALL_count,             0
PREF_L1Q_STALL_total_count,             0

PREF_UMLC_REQ_SEND_QUEUE_STALL_count,             0
PREF_UMLC_REQ_SEND_QUEUE_STALL_total_count,             0

PREF_UL1REQ_SEND_QUEUE_STALL_count,             0
PREF_UL1REQ_SEND_QUEUE_STALL_total_count,             0

PREF_UMLC_REQ_QUEUE_SENTREQ_count,             1
PREF_UMLC_REQ_QUEUE_SENTREQ_total_count,             5

PREF_UL1REQ_QUEUE_SENTREQ_count,             0
PREF_UL1REQ_QUEUE_SENTREQ_total_count,             0

PREF_NEWREQ_MATCHED_count,             0
PREF_NEWREQ_MATCHED_total_count,             0

PREF_UMLC_REQ_QUEUE_MATCHED_REQ_count,            13
PREF_UMLC_REQ_QUEUE_MATCHED_REQ_total_count,            22

PREF_UL1REQ_QUEUE_MATCHED_REQ_count,             0
PREF_UL1REQ_QUEUE_MATCHED_REQ_total_count,             0

PREF_DL0REQ_QUEUE_MATCHED_REQ_count,             0
PREF_DL0REQ_QUEUE_MATCHED_REQ_total_count,             0

L1_PREF_HIT_count,             0
L1_PREF_HIT_total_count,             0

L1_PREF_UNIQUE_HIT_count,             0
L1_PREF_UNIQUE_HIT_total_count,             0

L1_PREF_LATE_count,             0
L1_PREF_LATE_total_count,             0

L1_LATE_PREF_CYCLES_count,             0
L1_LATE_PREF_CYCLES_total_count,             0

L1_LATE_PREF_CYCLES_DIST_0_count,             0
L1_LATE_PREF_CYCLES_DIST_0_pct,         -nan
L1_LATE_PREF_CYCLES_DIST_0_total_count,             0
L1_LATE_PREF_CYCLES_DIST_0_total_pct,         -nan

L1_LATE_PREF_CYCLES_DIST_100_count,             0
L1_LATE_PREF_CYCLES_DIST_100_pct,         -nan
L1_LATE_PREF_CYCLES_DIST_100_total_count,             0
L1_LATE_PREF_CYCLES_DIST_100_total_pct,         -nan

L1_LATE_PREF_CYCLES_DIST_200_count,             0
L1_LATE_PREF_CYCLES_DIST_200_pct,         -nan
L1_LATE_PREF_CYCLES_DIST_200_total_count,             0
L1_LATE_PREF_CYCLES_DIST_200_total_pct,         -nan

L1_LATE_PREF_CYCLES_DIST_300_count,             0
L1_LATE_PREF_CYCLES_DIST_300_pct,         -nan
L1_LATE_PREF_CYCLES_DIST_300_total_count,             0
L1_LATE_PREF_CYCLES_DIST_300_total_pct,         -nan

L1_LATE_PREF_CYCLES_DIST_400_count,             0
L1_LATE_PREF_CYCLES_DIST_400_pct,         -nan
L1_LATE_PREF_CYCLES_DIST_400_total_count,             0
L1_LATE_PREF_CYCLES_DIST_400_total_pct,         -nan

L1_LATE_PREF_CYCLES_DIST_500_count,             0
L1_LATE_PREF_CYCLES_DIST_500_pct,         -nan
L1_LATE_PREF_CYCLES_DIST_500_total_count,             0
L1_LATE_PREF_CYCLES_DIST_500_total_pct,         -nan

L1_LATE_PREF_CYCLES_DIST_600_count,             0
L1_LATE_PREF_CYCLES_DIST_600_pct,         -nan
L1_LATE_PREF_CYCLES_DIST_600_total_count,             0
L1_LATE_PREF_CYCLES_DIST_600_total_pct,         -nan

L1_LATE_PREF_CYCLES_DIST_700_count,             0
L1_LATE_PREF_CYCLES_DIST_700_pct,         -nan
L1_LATE_PREF_CYCLES_DIST_700_total_count,             0
L1_LATE_PREF_CYCLES_DIST_700_total_pct,         -nan

L1_LATE_PREF_CYCLES_DIST_800_count,             0
L1_LATE_PREF_CYCLES_DIST_800_pct,         -nan
L1_LATE_PREF_CYCLES_DIST_800_total_count,             0
L1_LATE_PREF_CYCLES_DIST_800_total_pct,         -nan

L1_LATE_PREF_CYCLES_DIST_900_count,             0
L1_LATE_PREF_CYCLES_DIST_900_pct,         -nan
L1_LATE_PREF_CYCLES_DIST_900_total_count,             0
L1_LATE_PREF_CYCLES_DIST_900_total_pct,         -nan

L1_LATE_PREF_CYCLES_DIST_1000_count,             0
L1_LATE_PREF_CYCLES_DIST_1000_pct,         -nan
L1_LATE_PREF_CYCLES_DIST_1000_total_count,             0
L1_LATE_PREF_CYCLES_DIST_1000_total_pct,         -nan

L1_LATE_PREF_CYCLES_DIST_1100_count,             0
L1_LATE_PREF_CYCLES_DIST_1100_pct,         -nan
L1_LATE_PREF_CYCLES_DIST_1100_total_count,             0
L1_LATE_PREF_CYCLES_DIST_1100_total_pct,         -nan

L1_LATE_PREF_CYCLES_DIST_1200_count,             0
L1_LATE_PREF_CYCLES_DIST_1200_pct,         -nan
L1_LATE_PREF_CYCLES_DIST_1200_total_count,             0
L1_LATE_PREF_CYCLES_DIST_1200_total_pct,         -nan

L1_LATE_PREF_CYCLES_DIST_1300_count,             0
L1_LATE_PREF_CYCLES_DIST_1300_pct,         -nan
L1_LATE_PREF_CYCLES_DIST_1300_total_count,             0
L1_LATE_PREF_CYCLES_DIST_1300_total_pct,         -nan

L1_LATE_PREF_CYCLES_DIST_1400_count,             0
L1_LATE_PREF_CYCLES_DIST_1400_pct,         -nan
L1_LATE_PREF_CYCLES_DIST_1400_total_count,             0
L1_LATE_PREF_CYCLES_DIST_1400_total_pct,         -nan

L1_LATE_PREF_CYCLES_DIST_1500_count,             0
L1_LATE_PREF_CYCLES_DIST_1500_pct,         -nan
L1_LATE_PREF_CYCLES_DIST_1500_total_count,             0
L1_LATE_PREF_CYCLES_DIST_1500_total_pct,         -nan

L1_LATE_PREF_CYCLES_DIST_1600_count,             0
L1_LATE_PREF_CYCLES_DIST_1600_pct,         -nan
L1_LATE_PREF_CYCLES_DIST_1600_total_count,             0
L1_LATE_PREF_CYCLES_DIST_1600_total_pct,         -nan

L1_LATE_PREF_CYCLES_DIST_1700_count,             0
L1_LATE_PREF_CYCLES_DIST_1700_pct,         -nan
L1_LATE_PREF_CYCLES_DIST_1700_total_count,             0
L1_LATE_PREF_CYCLES_DIST_1700_total_pct,         -nan

L1_LATE_PREF_CYCLES_DIST_1800_count,             0
L1_LATE_PREF_CYCLES_DIST_1800_pct,         -nan
L1_LATE_PREF_CYCLES_DIST_1800_total_count,             0
L1_LATE_PREF_CYCLES_DIST_1800_total_pct,         -nan

L1_LATE_PREF_CYCLES_DIST_1900_count,             0
L1_LATE_PREF_CYCLES_DIST_1900_pct,         -nan
L1_LATE_PREF_CYCLES_DIST_1900_total_count,             0
L1_LATE_PREF_CYCLES_DIST_1900_total_pct,         -nan

L1_LATE_PREF_CYCLES_DIST_2000_count,             0
L1_LATE_PREF_CYCLES_DIST_2000_pct,         -nan
L1_LATE_PREF_CYCLES_DIST_2000_total_count,             0
L1_LATE_PREF_CYCLES_DIST_2000_total_pct,         -nan
L1_LATE_PREF_CYCLES_DIST_2000_sum_count,             0
L1_LATE_PREF_CYCLES_DIST_2000_sum_pct,         -nan
L1_LATE_PREF_CYCLES_DIST_2000_sum_total_count,             0
L1_LATE_PREF_CYCLES_DIST_2000_sum_total_pct,         -nan
L1_LATE_PREF_CYCLES_DIST_2000_mean,         -nan
L1_LATE_PREF_CYCLES_DIST_2000_stddev,         -nan
L1_LATE_PREF_CYCLES_DIST_2000_total_mean,         -nan
L1_LATE_PREF_CYCLES_DIST_2000_total_stddev,         -nan

MLC_PREF_HIT_count,             0
MLC_PREF_HIT_total_count,             0

MLC_PREF_UNIQUE_HIT_count,             0
MLC_PREF_UNIQUE_HIT_total_count,             0

MLC_PREF_LATE_count,             0
MLC_PREF_LATE_total_count,             0

PREF_HYBRID_SEL_0_count,             0
PREF_HYBRID_SEL_0_pct,         -nan
PREF_HYBRID_SEL_0_total_count,             0
PREF_HYBRID_SEL_0_total_pct,         -nan

PREF_HYBRID_SEL_1_count,             0
PREF_HYBRID_SEL_1_pct,         -nan
PREF_HYBRID_SEL_1_total_count,             0
PREF_HYBRID_SEL_1_total_pct,         -nan

PREF_HYBRID_SEL_2_count,             0
PREF_HYBRID_SEL_2_pct,         -nan
PREF_HYBRID_SEL_2_total_count,             0
PREF_HYBRID_SEL_2_total_pct,         -nan

PREF_HYBRID_SEL_3_count,             0
PREF_HYBRID_SEL_3_pct,         -nan
PREF_HYBRID_SEL_3_total_count,             0
PREF_HYBRID_SEL_3_total_pct,         -nan

PREF_HYBRID_SEL_4_count,             0
PREF_HYBRID_SEL_4_pct,         -nan
PREF_HYBRID_SEL_4_total_count,             0
PREF_HYBRID_SEL_4_total_pct,         -nan

PREF_HYBRID_SEL_5_count,             0
PREF_HYBRID_SEL_5_pct,         -nan
PREF_HYBRID_SEL_5_total_count,             0
PREF_HYBRID_SEL_5_total_pct,         -nan

PREF_HYBRID_SEL_6_count,             0
PREF_HYBRID_SEL_6_pct,         -nan
PREF_HYBRID_SEL_6_total_count,             0
PREF_HYBRID_SEL_6_total_pct,         -nan
PREF_HYBRID_SEL_6_sum_count,             0
PREF_HYBRID_SEL_6_sum_pct,         -nan
PREF_HYBRID_SEL_6_sum_total_count,             0
PREF_HYBRID_SEL_6_sum_total_pct,         -nan
PREF_HYBRID_SEL_6_mean,         -nan
PREF_HYBRID_SEL_6_stddev,         -nan
PREF_HYBRID_SEL_6_total_mean,         -nan
PREF_HYBRID_SEL_6_total_stddev,         -nan

PREF_DISTANCE_1_count,             0
PREF_DISTANCE_1_pct,         -nan
PREF_DISTANCE_1_total_count,             0
PREF_DISTANCE_1_total_pct,         -nan

PREF_DISTANCE_2_count,             0
PREF_DISTANCE_2_pct,         -nan
PREF_DISTANCE_2_total_count,             0
PREF_DISTANCE_2_total_pct,         -nan

PREF_DISTANCE_3_count,             0
PREF_DISTANCE_3_pct,         -nan
PREF_DISTANCE_3_total_count,             0
PREF_DISTANCE_3_total_pct,         -nan

PREF_DISTANCE_4_count,             0
PREF_DISTANCE_4_pct,         -nan
PREF_DISTANCE_4_total_count,             0
PREF_DISTANCE_4_total_pct,         -nan

PREF_DISTANCE_5_count,             0
PREF_DISTANCE_5_pct,         -nan
PREF_DISTANCE_5_total_count,             0
PREF_DISTANCE_5_total_pct,         -nan

PREF_DISTANCE_6_count,             0
PREF_DISTANCE_6_pct,         -nan
PREF_DISTANCE_6_total_count,             0
PREF_DISTANCE_6_total_pct,         -nan

PREF_DISTANCE_7_count,             0
PREF_DISTANCE_7_pct,         -nan
PREF_DISTANCE_7_total_count,             0
PREF_DISTANCE_7_total_pct,         -nan

PREF_DISTANCE_8_count,             0
PREF_DISTANCE_8_pct,         -nan
PREF_DISTANCE_8_total_count,             0
PREF_DISTANCE_8_total_pct,         -nan

PREF_DISTANCE_9_count,             0
PREF_DISTANCE_9_pct,         -nan
PREF_DISTANCE_9_total_count,             0
PREF_DISTANCE_9_total_pct,         -nan

PREF_DISTANCE_10_count,             0
PREF_DISTANCE_10_pct,         -nan
PREF_DISTANCE_10_total_count,             0
PREF_DISTANCE_10_total_pct,         -nan
PREF_DISTANCE_10_sum_count,             0
PREF_DISTANCE_10_sum_pct,         -nan
PREF_DISTANCE_10_sum_total_count,             0
PREF_DISTANCE_10_sum_total_pct,         -nan
PREF_DISTANCE_10_mean,         -nan
PREF_DISTANCE_10_stddev,         -nan
PREF_DISTANCE_10_total_mean,         -nan
PREF_DISTANCE_10_total_stddev,         -nan

PREF_REPL_MRU_count,             0
PREF_REPL_MRU_pct,         -nan
PREF_REPL_MRU_total_count,             0
PREF_REPL_MRU_total_pct,         -nan

PREF_REPL_MID_count,             0
PREF_REPL_MID_pct,         -nan
PREF_REPL_MID_total_count,             0
PREF_REPL_MID_total_pct,         -nan

PREF_REPL_LOWQTR_count,             0
PREF_REPL_LOWQTR_pct,         -nan
PREF_REPL_LOWQTR_total_count,             0
PREF_REPL_LOWQTR_total_pct,         -nan

PREF_REPL_LRU_count,             0
PREF_REPL_LRU_pct,         -nan
PREF_REPL_LRU_total_count,             0
PREF_REPL_LRU_total_pct,         -nan
PREF_REPL_LRU_sum_count,             0
PREF_REPL_LRU_sum_pct,         -nan
PREF_REPL_LRU_sum_total_count,             0
PREF_REPL_LRU_sum_total_pct,         -nan
PREF_REPL_LRU_mean,         -nan
PREF_REPL_LRU_stddev,         -nan
PREF_REPL_LRU_total_mean,         -nan
PREF_REPL_LRU_total_stddev,         -nan

PREF_REPL_MOVEDOWN_count,             0
PREF_REPL_MOVEDOWN_pct,         -nan
PREF_REPL_MOVEDOWN_total_count,             0
PREF_REPL_MOVEDOWN_total_pct,         -nan

PREF_REPL_MOVEUP_count,             0
PREF_REPL_MOVEUP_pct,         -nan
PREF_REPL_MOVEUP_total_count,             0
PREF_REPL_MOVEUP_total_pct,         -nan
PREF_REPL_MOVEUP_sum_count,             0
PREF_REPL_MOVEUP_sum_pct,         -nan
PREF_REPL_MOVEUP_sum_total_count,             0
PREF_REPL_MOVEUP_sum_total_pct,         -nan
PREF_REPL_MOVEUP_mean,         -nan
PREF_REPL_MOVEUP_stddev,         -nan
PREF_REPL_MOVEUP_total_mean,         -nan
PREF_REPL_MOVEUP_total_stddev,         -nan

PREF_COV_1_count,             0
PREF_COV_1_pct,         -nan
PREF_COV_1_total_count,             0
PREF_COV_1_total_pct,         -nan

PREF_COV_2_count,             0
PREF_COV_2_pct,         -nan
PREF_COV_2_total_count,             0
PREF_COV_2_total_pct,         -nan

PREF_COV_3_count,             0
PREF_COV_3_pct,         -nan
PREF_COV_3_total_count,             0
PREF_COV_3_total_pct,         -nan

PREF_COV_4_count,             0
PREF_COV_4_pct,         -nan
PREF_COV_4_total_count,             0
PREF_COV_4_total_pct,         -nan

PREF_COV_5_count,             0
PREF_COV_5_pct,         -nan
PREF_COV_5_total_count,             0
PREF_COV_5_total_pct,         -nan

PREF_COV_6_count,             0
PREF_COV_6_pct,         -nan
PREF_COV_6_total_count,             0
PREF_COV_6_total_pct,         -nan

PREF_COV_7_count,             0
PREF_COV_7_pct,         -nan
PREF_COV_7_total_count,             0
PREF_COV_7_total_pct,         -nan

PREF_COV_8_count,             0
PREF_COV_8_pct,         -nan
PREF_COV_8_total_count,             0
PREF_COV_8_total_pct,         -nan

PREF_COV_9_count,             0
PREF_COV_9_pct,         -nan
PREF_COV_9_total_count,             0
PREF_COV_9_total_pct,         -nan

PREF_COV_10_count,             0
PREF_COV_10_pct,         -nan
PREF_COV_10_total_count,             0
PREF_COV_10_total_pct,         -nan
PREF_COV_10_sum_count,             0
PREF_COV_10_sum_pct,         -nan
PREF_COV_10_sum_total_count,             0
PREF_COV_10_sum_total_pct,         -nan
PREF_COV_10_mean,         -nan
PREF_COV_10_stddev,         -nan
PREF_COV_10_total_mean,         -nan
PREF_COV_10_total_stddev,         -nan

PREF_POL_1_count,             0
PREF_POL_1_pct,         -nan
PREF_POL_1_total_count,             0
PREF_POL_1_total_pct,         -nan

PREF_POL_2_count,             0
PREF_POL_2_pct,         -nan
PREF_POL_2_total_count,             0
PREF_POL_2_total_pct,         -nan

PREF_POL_3_count,             0
PREF_POL_3_pct,         -nan
PREF_POL_3_total_count,             0
PREF_POL_3_total_pct,         -nan

PREF_POL_4_count,             0
PREF_POL_4_pct,         -nan
PREF_POL_4_total_count,             0
PREF_POL_4_total_pct,         -nan

PREF_POL_5_count,             0
PREF_POL_5_pct,         -nan
PREF_POL_5_total_count,             0
PREF_POL_5_total_pct,         -nan

PREF_POL_6_count,             0
PREF_POL_6_pct,         -nan
PREF_POL_6_total_count,             0
PREF_POL_6_total_pct,         -nan

PREF_POL_7_count,             0
PREF_POL_7_pct,         -nan
PREF_POL_7_total_count,             0
PREF_POL_7_total_pct,         -nan

PREF_POL_8_count,             0
PREF_POL_8_pct,         -nan
PREF_POL_8_total_count,             0
PREF_POL_8_total_pct,         -nan

PREF_POL_9_count,             0
PREF_POL_9_pct,         -nan
PREF_POL_9_total_count,             0
PREF_POL_9_total_pct,         -nan

PREF_POL_10_count,             0
PREF_POL_10_pct,         -nan
PREF_POL_10_total_count,             0
PREF_POL_10_total_pct,         -nan
PREF_POL_10_sum_count,             0
PREF_POL_10_sum_pct,         -nan
PREF_POL_10_sum_total_count,             0
PREF_POL_10_sum_total_pct,         -nan
PREF_POL_10_mean,         -nan
PREF_POL_10_stddev,         -nan
PREF_POL_10_total_mean,         -nan
PREF_POL_10_total_stddev,         -nan

PREF_ACC_1_count,             0
PREF_ACC_1_pct,         -nan
PREF_ACC_1_total_count,             0
PREF_ACC_1_total_pct,         -nan

PREF_ACC_2_count,             0
PREF_ACC_2_pct,         -nan
PREF_ACC_2_total_count,             0
PREF_ACC_2_total_pct,         -nan

PREF_ACC_3_count,             0
PREF_ACC_3_pct,         -nan
PREF_ACC_3_total_count,             0
PREF_ACC_3_total_pct,         -nan

PREF_ACC_4_count,             0
PREF_ACC_4_pct,         -nan
PREF_ACC_4_total_count,             0
PREF_ACC_4_total_pct,         -nan

PREF_ACC_5_count,             0
PREF_ACC_5_pct,         -nan
PREF_ACC_5_total_count,             0
PREF_ACC_5_total_pct,         -nan

PREF_ACC_6_count,             0
PREF_ACC_6_pct,         -nan
PREF_ACC_6_total_count,             0
PREF_ACC_6_total_pct,         -nan

PREF_ACC_7_count,             0
PREF_ACC_7_pct,         -nan
PREF_ACC_7_total_count,             0
PREF_ACC_7_total_pct,         -nan

PREF_ACC_8_count,             0
PREF_ACC_8_pct,         -nan
PREF_ACC_8_total_count,             0
PREF_ACC_8_total_pct,         -nan

PREF_ACC_9_count,             0
PREF_ACC_9_pct,         -nan
PREF_ACC_9_total_count,             0
PREF_ACC_9_total_pct,         -nan

PREF_ACC_10_count,             0
PREF_ACC_10_pct,         -nan
PREF_ACC_10_total_count,             0
PREF_ACC_10_total_pct,         -nan
PREF_ACC_10_sum_count,             0
PREF_ACC_10_sum_pct,         -nan
PREF_ACC_10_sum_total_count,             0
PREF_ACC_10_sum_total_pct,         -nan
PREF_ACC_10_mean,         -nan
PREF_ACC_10_stddev,         -nan
PREF_ACC_10_total_mean,         -nan
PREF_ACC_10_total_stddev,         -nan

PREF_TIMELY_1_count,             0
PREF_TIMELY_1_pct,         -nan
PREF_TIMELY_1_total_count,             0
PREF_TIMELY_1_total_pct,         -nan

PREF_TIMELY_2_count,             0
PREF_TIMELY_2_pct,         -nan
PREF_TIMELY_2_total_count,             0
PREF_TIMELY_2_total_pct,         -nan

PREF_TIMELY_3_count,             0
PREF_TIMELY_3_pct,         -nan
PREF_TIMELY_3_total_count,             0
PREF_TIMELY_3_total_pct,         -nan

PREF_TIMELY_4_count,             0
PREF_TIMELY_4_pct,         -nan
PREF_TIMELY_4_total_count,             0
PREF_TIMELY_4_total_pct,         -nan

PREF_TIMELY_5_count,             0
PREF_TIMELY_5_pct,         -nan
PREF_TIMELY_5_total_count,             0
PREF_TIMELY_5_total_pct,         -nan

PREF_TIMELY_6_count,             0
PREF_TIMELY_6_pct,         -nan
PREF_TIMELY_6_total_count,             0
PREF_TIMELY_6_total_pct,         -nan

PREF_TIMELY_7_count,             0
PREF_TIMELY_7_pct,         -nan
PREF_TIMELY_7_total_count,             0
PREF_TIMELY_7_total_pct,         -nan

PREF_TIMELY_8_count,             0
PREF_TIMELY_8_pct,         -nan
PREF_TIMELY_8_total_count,             0
PREF_TIMELY_8_total_pct,         -nan

PREF_TIMELY_9_count,             0
PREF_TIMELY_9_pct,         -nan
PREF_TIMELY_9_total_count,             0
PREF_TIMELY_9_total_pct,         -nan

PREF_TIMELY_10_count,             0
PREF_TIMELY_10_pct,         -nan
PREF_TIMELY_10_total_count,             0
PREF_TIMELY_10_total_pct,         -nan
PREF_TIMELY_10_sum_count,             0
PREF_TIMELY_10_sum_pct,         -nan
PREF_TIMELY_10_sum_total_count,             0
PREF_TIMELY_10_sum_total_pct,         -nan
PREF_TIMELY_10_mean,         -nan
PREF_TIMELY_10_stddev,         -nan
PREF_TIMELY_10_total_mean,         -nan
PREF_TIMELY_10_total_stddev,         -nan

PREF_UNUSED_EVICT_count,             2
PREF_UNUSED_EVICT_total_count,            10

PREF_REGION_SENT_count,             0
PREF_REGION_SENT_total_count,             0

PREF_REGION_USEFUL_count,             0
PREF_REGION_USEFUL_total_count,             0

PREF_REGION_EVICT_count,             0
PREF_REGION_EVICT_total_count,             0

PREF_PFPOL_count,             0
PREF_PFPOL_total_count,             0

PREF_PHASE_NEWPHASE_DET_count,             0
PREF_PHASE_NEWPHASE_DET_total_count,             0

PREF_PHASE_NEWPHASE_NOTVALID_count,             0
PREF_PHASE_NEWPHASE_NOTVALID_total_count,             0

PREF_PHASE_SENTPREF_count,             0
PREF_PHASE_SENTPREF_total_count,             0

PREF_PHASE_OVERWRITE_PAGE_count,             0
PREF_PHASE_OVERWRITE_PAGE_total_count,             0

PREF_UPDATE_COUNT_count,             0
PREF_UPDATE_COUNT_total_count,             0

PREF_ACC1_HT_HP_count,             0
PREF_ACC1_HT_HP_pct,         -nan
PREF_ACC1_HT_HP_total_count,             0
PREF_ACC1_HT_HP_total_pct,         -nan

PREF_ACC1_HT_LP_count,             0
PREF_ACC1_HT_LP_pct,         -nan
PREF_ACC1_HT_LP_total_count,             0
PREF_ACC1_HT_LP_total_pct,         -nan

PREF_ACC1_LT_HP_count,             0
PREF_ACC1_LT_HP_pct,         -nan
PREF_ACC1_LT_HP_total_count,             0
PREF_ACC1_LT_HP_total_pct,         -nan

PREF_ACC1_LT_LP_count,             0
PREF_ACC1_LT_LP_pct,         -nan
PREF_ACC1_LT_LP_total_count,             0
PREF_ACC1_LT_LP_total_pct,         -nan

PREF_ACC2_HT_HP_count,             0
PREF_ACC2_HT_HP_pct,         -nan
PREF_ACC2_HT_HP_total_count,             0
PREF_ACC2_HT_HP_total_pct,         -nan

PREF_ACC2_HT_LP_count,             0
PREF_ACC2_HT_LP_pct,         -nan
PREF_ACC2_HT_LP_total_count,             0
PREF_ACC2_HT_LP_total_pct,         -nan

PREF_ACC2_LT_HP_count,             0
PREF_ACC2_LT_HP_pct,         -nan
PREF_ACC2_LT_HP_total_count,             0
PREF_ACC2_LT_HP_total_pct,         -nan

PREF_ACC2_LT_LP_count,             0
PREF_ACC2_LT_LP_pct,         -nan
PREF_ACC2_LT_LP_total_count,             0
PREF_ACC2_LT_LP_total_pct,         -nan

PREF_ACC3_HT_HP_count,             0
PREF_ACC3_HT_HP_pct,         -nan
PREF_ACC3_HT_HP_total_count,             0
PREF_ACC3_HT_HP_total_pct,         -nan

PREF_ACC3_HT_LP_count,             0
PREF_ACC3_HT_LP_pct,         -nan
PREF_ACC3_HT_LP_total_count,             0
PREF_ACC3_HT_LP_total_pct,         -nan

PREF_ACC3_LT_HP_count,             0
PREF_ACC3_LT_HP_pct,         -nan
PREF_ACC3_LT_HP_total_count,             0
PREF_ACC3_LT_HP_total_pct,         -nan

PREF_ACC3_LT_LP_count,             0
PREF_ACC3_LT_LP_pct,         -nan
PREF_ACC3_LT_LP_total_count,             0
PREF_ACC3_LT_LP_total_pct,         -nan

PREF_ACC4_HT_HP_count,             0
PREF_ACC4_HT_HP_pct,         -nan
PREF_ACC4_HT_HP_total_count,             0
PREF_ACC4_HT_HP_total_pct,         -nan

PREF_ACC4_HT_LP_count,             0
PREF_ACC4_HT_LP_pct,         -nan
PREF_ACC4_HT_LP_total_count,             0
PREF_ACC4_HT_LP_total_pct,         -nan

PREF_ACC4_LT_HP_count,             0
PREF_ACC4_LT_HP_pct,         -nan
PREF_ACC4_LT_HP_total_count,             0
PREF_ACC4_LT_HP_total_pct,         -nan

PREF_ACC4_LT_LP_count,             0
PREF_ACC4_LT_LP_pct,         -nan
PREF_ACC4_LT_LP_total_count,             0
PREF_ACC4_LT_LP_total_pct,         -nan
PREF_ACC4_LT_LP_sum_count,             0
PREF_ACC4_LT_LP_sum_pct,         -nan
PREF_ACC4_LT_LP_sum_total_count,             0
PREF_ACC4_LT_LP_sum_total_pct,         -nan
PREF_ACC4_LT_LP_mean,         -nan
PREF_ACC4_LT_LP_stddev,         -nan
PREF_ACC4_LT_LP_total_mean,         -nan
PREF_ACC4_LT_LP_total_stddev,         -nan

BO_PREF_INIT_count,             0
BO_PREF_INIT_total_count,             1

GHB_PREF_INIT_count,             0
GHB_PREF_INIT_total_count,             1

BO_PREF_INIT_CORE_count,             0
BO_PREF_INIT_CORE_total_count,             0

GHB_PREF_INIT_CORE_count,             0
GHB_PREF_INIT_CORE_total_count,             0

PREF_BO_ULMC_MISS_count,             0
PREF_BO_ULMC_MISS_total_count,             0

PREF_GHB_ULMC_MISS_count,             0
PREF_GHB_ULMC_MISS_total_count,             0

PREF_STREAM_UMLC_MISS_count,        350694
PREF_STREAM_UMLC_MISS_total_count,        701423

BO_PREF_EMITTED_count,             0
BO_PREF_EMITTED_total_count,             0

PREF_BO_END_ROUND_MAX_SCORE_count,             0
PREF_BO_END_ROUND_MAX_SCORE_total_count,             0

PREF_BO_END_ROUND_MAX_ROUNDS_count,             0
PREF_BO_END_ROUND_MAX_ROUNDS_total_count,             0

PREF_BO_THROTTLE_BAD_SCORE_count,             0
PREF_BO_THROTTLE_BAD_SCORE_total_count,             0

FDIP_DECIDE_PREF_ONPATH_count,             0
FDIP_DECIDE_PREF_ONPATH_total_count,             0

FDIP_DECIDE_PREF_OFFPATH_count,             0
FDIP_DECIDE_PREF_OFFPATH_total_count,             0

FDIP_NEW_PREFETCHES_ONPATH_count,             0
FDIP_NEW_PREFETCHES_ONPATH_total_count,             0

FDIP_NEW_PREFETCHES_OFFPATH_count,             0
FDIP_NEW_PREFETCHES_OFFPATH_total_count,             0

FDIP_PREF_ICACHE_PROBE_HIT_ONPATH_count,             0
FDIP_PREF_ICACHE_PROBE_HIT_ONPATH_total_count,             0

FDIP_PREF_ICACHE_PROBE_HIT_OFFPATH_count,             0
FDIP_PREF_ICACHE_PROBE_HIT_OFFPATH_total_count,             0

FDIP_PREF_MSHR_PROBE_HIT_ONPATH_count,             0
FDIP_PREF_MSHR_PROBE_HIT_ONPATH_total_count,             0

FDIP_PREF_MSHR_PROBE_HIT_OFFPATH_count,             0
FDIP_PREF_MSHR_PROBE_HIT_OFFPATH_total_count,             0

FDIP_PREF_FAILED_ONPATH_count,             0
FDIP_PREF_FAILED_ONPATH_total_count,             0

FDIP_PREF_FAILED_OFFPATH_count,             0
FDIP_PREF_FAILED_OFFPATH_total_count,             0

FDIP_ATTEMPTED_PREF_ONPATH_count,             0
FDIP_ATTEMPTED_PREF_ONPATH_total_count,             0

FDIP_ATTEMPTED_PREF_OFFPATH_count,             0
FDIP_ATTEMPTED_PREF_OFFPATH_total_count,             0

FDIP_ALT_PATH_PREFETCHES_IC_EMITTED_count,             0
FDIP_ALT_PATH_PREFETCHES_IC_EMITTED_total_count,             0

FDIP_ALT_PATH_PREFETCHES_IC_TRIGGERED_count,             0
FDIP_ALT_PATH_PREFETCHES_IC_TRIGGERED_total_count,             0

FDIP_ALT_PATH_PREFETCHES_UOC_EMITTED_OFF_PATH_count,             0
FDIP_ALT_PATH_PREFETCHES_UOC_EMITTED_OFF_PATH_pct,         -nan
FDIP_ALT_PATH_PREFETCHES_UOC_EMITTED_OFF_PATH_total_count,             0
FDIP_ALT_PATH_PREFETCHES_UOC_EMITTED_OFF_PATH_total_pct,         -nan

FDIP_ALT_PATH_PREFETCHES_UOC_EMITTED_ON_PATH_count,             0
FDIP_ALT_PATH_PREFETCHES_UOC_EMITTED_ON_PATH_pct,         -nan
FDIP_ALT_PATH_PREFETCHES_UOC_EMITTED_ON_PATH_total_count,             0
FDIP_ALT_PATH_PREFETCHES_UOC_EMITTED_ON_PATH_total_pct,         -nan
FDIP_ALT_PATH_PREFETCHES_UOC_EMITTED_ON_PATH_sum_count,             0
FDIP_ALT_PATH_PREFETCHES_UOC_EMITTED_ON_PATH_sum_pct,         -nan
FDIP_ALT_PATH_PREFETCHES_UOC_EMITTED_ON_PATH_sum_total_count,             0
FDIP_ALT_PATH_PREFETCHES_UOC_EMITTED_ON_PATH_sum_total_pct,         -nan
FDIP_ALT_PATH_PREFETCHES_UOC_EMITTED_ON_PATH_mean,         -nan
FDIP_ALT_PATH_PREFETCHES_UOC_EMITTED_ON_PATH_stddev,         -nan
FDIP_ALT_PATH_PREFETCHES_UOC_EMITTED_ON_PATH_total_mean,         -nan
FDIP_ALT_PATH_PREFETCHES_UOC_EMITTED_ON_PATH_total_stddev,         -nan

FDIP_ALT_PATH_PREFETCHES_UOC_TRIGGERED_count,             0
FDIP_ALT_PATH_PREFETCHES_UOC_TRIGGERED_total_count,             0

FDIP_BREAK_REACH_FTQ_END_count,             0
FDIP_BREAK_REACH_FTQ_END_pct,         -nan
FDIP_BREAK_REACH_FTQ_END_total_count,             0
FDIP_BREAK_REACH_FTQ_END_total_pct,         -nan

FDIP_BREAK_FTQ_EMPTY_count,             0
FDIP_BREAK_FTQ_EMPTY_pct,         -nan
FDIP_BREAK_FTQ_EMPTY_total_count,             0
FDIP_BREAK_FTQ_EMPTY_total_pct,         -nan

FDIP_BREAK_MAX_FTQ_ENTRY_CYC_count,             0
FDIP_BREAK_MAX_FTQ_ENTRY_CYC_pct,         -nan
FDIP_BREAK_MAX_FTQ_ENTRY_CYC_total_count,             0
FDIP_BREAK_MAX_FTQ_ENTRY_CYC_total_pct,         -nan

FDIP_BREAK_FULL_MEM_REQ_BUF_count,             0
FDIP_BREAK_FULL_MEM_REQ_BUF_pct,         -nan
FDIP_BREAK_FULL_MEM_REQ_BUF_total_count,             0
FDIP_BREAK_FULL_MEM_REQ_BUF_total_pct,         -nan
FDIP_BREAK_FULL_MEM_REQ_BUF_sum_count,             0
FDIP_BREAK_FULL_MEM_REQ_BUF_sum_pct,         -nan
FDIP_BREAK_FULL_MEM_REQ_BUF_sum_total_count,             0
FDIP_BREAK_FULL_MEM_REQ_BUF_sum_total_pct,         -nan
FDIP_BREAK_FULL_MEM_REQ_BUF_mean,         -nan
FDIP_BREAK_FULL_MEM_REQ_BUF_stddev,         -nan
FDIP_BREAK_FULL_MEM_REQ_BUF_total_mean,         -nan
FDIP_BREAK_FULL_MEM_REQ_BUF_total_stddev,         -nan

FDIP_CYCLE_COUNT_count,             0
FDIP_CYCLE_COUNT_total_count,             0

ICACHE_USEFUL_FETCHES_count,             0
ICACHE_USEFUL_FETCHES_total_count,            24

USEFUL_CACHELINES_RETIRED_count,             0
USEFUL_CACHELINES_RETIRED_total_count,             0

ICACHE_UNUSEFUL_FETCHES_count,             0
ICACHE_UNUSEFUL_FETCHES_total_count,             0

UNIQUE_MISSED_LINES_count,             0
UNIQUE_MISSED_LINES_total_count,            24

UNIQUE_HIT_LINES_count,             0
UNIQUE_HIT_LINES_total_count,             0

UNIQUE_PREFETCHED_LINES_count,             0
UNIQUE_PREFETCHED_LINES_total_count,             0

FDIP_BTB_MISS_NT_RESTEER_ONPATH_count,             0
FDIP_BTB_MISS_NT_RESTEER_ONPATH_total_count,             3

FDIP_BTB_MISS_NT_RESTEER_OFFPATH_count,             0
FDIP_BTB_MISS_NT_RESTEER_OFFPATH_total_count,             0

FDIP_UTILITY_HASH_HIT_count,             0
FDIP_UTILITY_HASH_HIT_pct,         -nan
FDIP_UTILITY_HASH_HIT_total_count,             0
FDIP_UTILITY_HASH_HIT_total_pct,         -nan

FDIP_UTILITY_HASH_MISS_count,             0
FDIP_UTILITY_HASH_MISS_pct,         -nan
FDIP_UTILITY_HASH_MISS_total_count,             0
FDIP_UTILITY_HASH_MISS_total_pct,         -nan
FDIP_UTILITY_HASH_MISS_sum_count,             0
FDIP_UTILITY_HASH_MISS_sum_pct,         -nan
FDIP_UTILITY_HASH_MISS_sum_total_count,             0
FDIP_UTILITY_HASH_MISS_sum_total_pct,         -nan
FDIP_UTILITY_HASH_MISS_mean,         -nan
FDIP_UTILITY_HASH_MISS_stddev,         -nan
FDIP_UTILITY_HASH_MISS_total_mean,         -nan
FDIP_UTILITY_HASH_MISS_total_stddev,         -nan

FDIP_UC_HIT_count,             0
FDIP_UC_HIT_pct,         -nan
FDIP_UC_HIT_total_count,             0
FDIP_UC_HIT_total_pct,         -nan

FDIP_UC_MISS_count,             0
FDIP_UC_MISS_pct,         -nan
FDIP_UC_MISS_total_count,             0
FDIP_UC_MISS_total_pct,         -nan
FDIP_UC_MISS_sum_count,             0
FDIP_UC_MISS_sum_pct,         -nan
FDIP_UC_MISS_sum_total_count,             0
FDIP_UC_MISS_sum_total_pct,         -nan
FDIP_UC_MISS_mean,         -nan
FDIP_UC_MISS_stddev,         -nan
FDIP_UC_MISS_total_mean,         -nan
FDIP_UC_MISS_total_stddev,         -nan

FDIP_UC_USEFUL_LINES_count,             0
FDIP_UC_USEFUL_LINES_total_count,             0

FDIP_UC_REPLACEMENT_count,             0
FDIP_UC_REPLACEMENT_total_count,             0

FDIP_BLOOM_HIT_count,             0
FDIP_BLOOM_HIT_pct,         -nan
FDIP_BLOOM_HIT_total_count,             0
FDIP_BLOOM_HIT_total_pct,         -nan

FDIP_BLOOM_MISS_count,             0
FDIP_BLOOM_MISS_pct,         -nan
FDIP_BLOOM_MISS_total_count,             0
FDIP_BLOOM_MISS_total_pct,         -nan
FDIP_BLOOM_MISS_sum_count,             0
FDIP_BLOOM_MISS_sum_pct,         -nan
FDIP_BLOOM_MISS_sum_total_count,             0
FDIP_BLOOM_MISS_sum_total_pct,         -nan
FDIP_BLOOM_MISS_mean,         -nan
FDIP_BLOOM_MISS_stddev,         -nan
FDIP_BLOOM_MISS_total_mean,         -nan
FDIP_BLOOM_MISS_total_stddev,         -nan

FDIP_BLOOM_INSERTED_count,             0
FDIP_BLOOM_INSERTED_total_count,             0

FDIP_BLOOM_CLEAR1_count,             0
FDIP_BLOOM_CLEAR1_total_count,             0

FDIP_BLOOM_CLEAR2_count,             0
FDIP_BLOOM_CLEAR2_total_count,             0

FDIP_BLOOM_CLEAR4_count,             0
FDIP_BLOOM_CLEAR4_total_count,             0

FDIP_BLOOM_1STREAM_count,             0
FDIP_BLOOM_1STREAM_total_count,             0

FDIP_BLOOM_2STREAM_count,             0
FDIP_BLOOM_2STREAM_total_count,             0

FDIP_BLOOM_3STREAM_count,             0
FDIP_BLOOM_3STREAM_total_count,             0

FDIP_BLOOM_4STREAM_count,             0
FDIP_BLOOM_4STREAM_total_count,             0

FDIP_BLOOM_5STREAM_count,             0
FDIP_BLOOM_5STREAM_total_count,             0

FDIP_BLOOM_6STREAM_count,             0
FDIP_BLOOM_6STREAM_total_count,             0

FDIP_BLOOM_7STREAM_count,             0
FDIP_BLOOM_7STREAM_total_count,             0

FDIP_BLOOM_8STREAM_count,             0
FDIP_BLOOM_8STREAM_total_count,             0

FDIP_BLOOM_1INSERT_count,             0
FDIP_BLOOM_1INSERT_total_count,             0

FDIP_BLOOM_2INSERT_count,             0
FDIP_BLOOM_2INSERT_total_count,             0

FDIP_BLOOM_4INSERT_count,             0
FDIP_BLOOM_4INSERT_total_count,             0

FDIP_BLOOM_NOSTREAM_count,             0
FDIP_BLOOM_NOSTREAM_total_count,             0

FDIP_AVG_FTQ_OCCUPANCY_OPS_count,             0
FDIP_AVG_FTQ_OCCUPANCY_OPS_total_count,             0

FDIP_AVG_FTQ_OCCUPANCY_count,             0
FDIP_AVG_FTQ_OCCUPANCY_total_count,             0

FDIP_FTQ_OCCUPANCY_OPS_ACCUMULATED_count,             0
FDIP_FTQ_OCCUPANCY_OPS_ACCUMULATED_total_count,             0

FDIP_FTQ_OCCUPANCY_BLOCKS_ACCUMULATED_count,             0
FDIP_FTQ_OCCUPANCY_BLOCKS_ACCUMULATED_total_count,             0

FDIP_TRAINING_SAMPLE_count,             0
FDIP_TRAINING_SAMPLE_total_count,             0

FDIP_SENIORITY_FTQ_ACCUMULATED_count,             0
FDIP_SENIORITY_FTQ_ACCUMULATED_total_count,             0

FDIP_SENIORITY_FTQ_HIT_count,             0
FDIP_SENIORITY_FTQ_HIT_total_count,             0

FDIP_SENIORITY_FTQ_MISS_count,             0
FDIP_SENIORITY_FTQ_MISS_total_count,             0

FDIP_UFTQ_STAY_SAME_FTQ_NUM_count,             0
FDIP_UFTQ_STAY_SAME_FTQ_NUM_pct,         -nan
FDIP_UFTQ_STAY_SAME_FTQ_NUM_total_count,             0
FDIP_UFTQ_STAY_SAME_FTQ_NUM_total_pct,         -nan

FDIP_UFTQ_DEC_FTQ_NUM_count,             0
FDIP_UFTQ_DEC_FTQ_NUM_pct,         -nan
FDIP_UFTQ_DEC_FTQ_NUM_total_count,             0
FDIP_UFTQ_DEC_FTQ_NUM_total_pct,         -nan

FDIP_UFTQ_INC_FTQ_NUM_count,             0
FDIP_UFTQ_INC_FTQ_NUM_pct,         -nan
FDIP_UFTQ_INC_FTQ_NUM_total_count,             0
FDIP_UFTQ_INC_FTQ_NUM_total_pct,         -nan
FDIP_UFTQ_INC_FTQ_NUM_sum_count,             0
FDIP_UFTQ_INC_FTQ_NUM_sum_pct,         -nan
FDIP_UFTQ_INC_FTQ_NUM_sum_total_count,             0
FDIP_UFTQ_INC_FTQ_NUM_sum_total_pct,         -nan
FDIP_UFTQ_INC_FTQ_NUM_mean,         -nan
FDIP_UFTQ_INC_FTQ_NUM_stddev,         -nan
FDIP_UFTQ_INC_FTQ_NUM_total_mean,         -nan
FDIP_UFTQ_INC_FTQ_NUM_total_stddev,         -nan

FDIP_OFF_CONF_ON_PREF_CANDIDATES_count,             0
FDIP_OFF_CONF_ON_PREF_CANDIDATES_pct,         -nan
FDIP_OFF_CONF_ON_PREF_CANDIDATES_total_count,             0
FDIP_OFF_CONF_ON_PREF_CANDIDATES_total_pct,         -nan

FDIP_OFF_CONF_OFF_PREF_CANDIDATES_count,             0
FDIP_OFF_CONF_OFF_PREF_CANDIDATES_pct,         -nan
FDIP_OFF_CONF_OFF_PREF_CANDIDATES_total_count,             0
FDIP_OFF_CONF_OFF_PREF_CANDIDATES_total_pct,         -nan

FDIP_ON_CONF_ON_PREF_CANDIDATES_count,             0
FDIP_ON_CONF_ON_PREF_CANDIDATES_pct,         -nan
FDIP_ON_CONF_ON_PREF_CANDIDATES_total_count,             0
FDIP_ON_CONF_ON_PREF_CANDIDATES_total_pct,         -nan

FDIP_ON_CONF_OFF_PREF_CANDIDATES_count,             0
FDIP_ON_CONF_OFF_PREF_CANDIDATES_pct,         -nan
FDIP_ON_CONF_OFF_PREF_CANDIDATES_total_count,             0
FDIP_ON_CONF_OFF_PREF_CANDIDATES_total_pct,         -nan
FDIP_ON_CONF_OFF_PREF_CANDIDATES_sum_count,             0
FDIP_ON_CONF_OFF_PREF_CANDIDATES_sum_pct,         -nan
FDIP_ON_CONF_OFF_PREF_CANDIDATES_sum_total_count,             0
FDIP_ON_CONF_OFF_PREF_CANDIDATES_sum_total_pct,         -nan
FDIP_ON_CONF_OFF_PREF_CANDIDATES_mean,         -nan
FDIP_ON_CONF_OFF_PREF_CANDIDATES_stddev,         -nan
FDIP_ON_CONF_OFF_PREF_CANDIDATES_total_mean,         -nan
FDIP_ON_CONF_OFF_PREF_CANDIDATES_total_stddev,         -nan

FDIP_ON_CONF_ON_EMITTED_count,             0
FDIP_ON_CONF_ON_EMITTED_pct,         -nan
FDIP_ON_CONF_ON_EMITTED_total_count,             0
FDIP_ON_CONF_ON_EMITTED_total_pct,         -nan

FDIP_ON_CONF_OFF_EMITTED_count,             0
FDIP_ON_CONF_OFF_EMITTED_pct,         -nan
FDIP_ON_CONF_OFF_EMITTED_total_count,             0
FDIP_ON_CONF_OFF_EMITTED_total_pct,         -nan

FDIP_OFF_CONF_ON_EMITTED_count,             0
FDIP_OFF_CONF_ON_EMITTED_pct,         -nan
FDIP_OFF_CONF_ON_EMITTED_total_count,             0
FDIP_OFF_CONF_ON_EMITTED_total_pct,         -nan

FDIP_OFF_CONF_OFF_EMITTED_count,             0
FDIP_OFF_CONF_OFF_EMITTED_pct,         -nan
FDIP_OFF_CONF_OFF_EMITTED_total_count,             0
FDIP_OFF_CONF_OFF_EMITTED_total_pct,         -nan
FDIP_OFF_CONF_OFF_EMITTED_sum_count,             0
FDIP_OFF_CONF_OFF_EMITTED_sum_pct,         -nan
FDIP_OFF_CONF_OFF_EMITTED_sum_total_count,             0
FDIP_OFF_CONF_OFF_EMITTED_sum_total_pct,         -nan
FDIP_OFF_CONF_OFF_EMITTED_mean,         -nan
FDIP_OFF_CONF_OFF_EMITTED_stddev,         -nan
FDIP_OFF_CONF_OFF_EMITTED_total_mean,         -nan
FDIP_OFF_CONF_OFF_EMITTED_total_stddev,         -nan

FDIP_OFF_CONF_ON_NUM_EVENTS_count,             0
FDIP_OFF_CONF_ON_NUM_EVENTS_total_count,             0

FDIP_OFF_CONF_ON_BTB_MISS_count,             0
FDIP_OFF_CONF_ON_BTB_MISS_pct,         -nan
FDIP_OFF_CONF_ON_BTB_MISS_total_count,             0
FDIP_OFF_CONF_ON_BTB_MISS_total_pct,         -nan

FDIP_OFF_CONF_ON_BP_INCORRECT_count,             0
FDIP_OFF_CONF_ON_BP_INCORRECT_pct,         -nan
FDIP_OFF_CONF_ON_BP_INCORRECT_total_count,             0
FDIP_OFF_CONF_ON_BP_INCORRECT_total_pct,         -nan

FDIP_OFF_CONF_ON_MISFETCH_count,             0
FDIP_OFF_CONF_ON_MISFETCH_pct,         -nan
FDIP_OFF_CONF_ON_MISFETCH_total_count,             0
FDIP_OFF_CONF_ON_MISFETCH_total_pct,         -nan

FDIP_OFF_CONF_ON_NO_TARGET_count,             0
FDIP_OFF_CONF_ON_NO_TARGET_pct,         -nan
FDIP_OFF_CONF_ON_NO_TARGET_total_count,             0
FDIP_OFF_CONF_ON_NO_TARGET_total_pct,         -nan
FDIP_OFF_CONF_ON_NO_TARGET_sum_count,             0
FDIP_OFF_CONF_ON_NO_TARGET_sum_pct,         -nan
FDIP_OFF_CONF_ON_NO_TARGET_sum_total_count,             0
FDIP_OFF_CONF_ON_NO_TARGET_sum_total_pct,         -nan
FDIP_OFF_CONF_ON_NO_TARGET_mean,         -nan
FDIP_OFF_CONF_ON_NO_TARGET_stddev,         -nan
FDIP_OFF_CONF_ON_NO_TARGET_total_mean,         -nan
FDIP_OFF_CONF_ON_NO_TARGET_total_stddev,         -nan

FDIP_OFF_CONF_ON_BTB_MISS_PREF_CANDIDATES_count,             0
FDIP_OFF_CONF_ON_BTB_MISS_PREF_CANDIDATES_pct,         -nan
FDIP_OFF_CONF_ON_BTB_MISS_PREF_CANDIDATES_total_count,             0
FDIP_OFF_CONF_ON_BTB_MISS_PREF_CANDIDATES_total_pct,         -nan

FDIP_OFF_CONF_ON_BP_INCORRECT_PREF_CANDIDATES_count,             0
FDIP_OFF_CONF_ON_BP_INCORRECT_PREF_CANDIDATES_pct,         -nan
FDIP_OFF_CONF_ON_BP_INCORRECT_PREF_CANDIDATES_total_count,             0
FDIP_OFF_CONF_ON_BP_INCORRECT_PREF_CANDIDATES_total_pct,         -nan

FDIP_OFF_CONF_ON_MISFETCH_PREF_CANDIDATES_count,             0
FDIP_OFF_CONF_ON_MISFETCH_PREF_CANDIDATES_pct,         -nan
FDIP_OFF_CONF_ON_MISFETCH_PREF_CANDIDATES_total_count,             0
FDIP_OFF_CONF_ON_MISFETCH_PREF_CANDIDATES_total_pct,         -nan

FDIP_OFF_CONF_ON_NO_TARGET_PREF_CANDIDATES_count,             0
FDIP_OFF_CONF_ON_NO_TARGET_PREF_CANDIDATES_pct,         -nan
FDIP_OFF_CONF_ON_NO_TARGET_PREF_CANDIDATES_total_count,             0
FDIP_OFF_CONF_ON_NO_TARGET_PREF_CANDIDATES_total_pct,         -nan
FDIP_OFF_CONF_ON_NO_TARGET_PREF_CANDIDATES_sum_count,             0
FDIP_OFF_CONF_ON_NO_TARGET_PREF_CANDIDATES_sum_pct,         -nan
FDIP_OFF_CONF_ON_NO_TARGET_PREF_CANDIDATES_sum_total_count,             0
FDIP_OFF_CONF_ON_NO_TARGET_PREF_CANDIDATES_sum_total_pct,         -nan
FDIP_OFF_CONF_ON_NO_TARGET_PREF_CANDIDATES_mean,         -nan
FDIP_OFF_CONF_ON_NO_TARGET_PREF_CANDIDATES_stddev,         -nan
FDIP_OFF_CONF_ON_NO_TARGET_PREF_CANDIDATES_total_mean,         -nan
FDIP_OFF_CONF_ON_NO_TARGET_PREF_CANDIDATES_total_stddev,         -nan

FDIP_OFF_CONF_ON_BTB_MISS_EMITTED_count,             0
FDIP_OFF_CONF_ON_BTB_MISS_EMITTED_pct,         -nan
FDIP_OFF_CONF_ON_BTB_MISS_EMITTED_total_count,             0
FDIP_OFF_CONF_ON_BTB_MISS_EMITTED_total_pct,         -nan

FDIP_OFF_CONF_ON_BP_INCORRECT_EMITTED_count,             0
FDIP_OFF_CONF_ON_BP_INCORRECT_EMITTED_pct,         -nan
FDIP_OFF_CONF_ON_BP_INCORRECT_EMITTED_total_count,             0
FDIP_OFF_CONF_ON_BP_INCORRECT_EMITTED_total_pct,         -nan

FDIP_OFF_CONF_ON_MISFETCH_EMITTED_count,             0
FDIP_OFF_CONF_ON_MISFETCH_EMITTED_pct,         -nan
FDIP_OFF_CONF_ON_MISFETCH_EMITTED_total_count,             0
FDIP_OFF_CONF_ON_MISFETCH_EMITTED_total_pct,         -nan

FDIP_OFF_CONF_ON_NO_TARGET_EMITTED_count,             0
FDIP_OFF_CONF_ON_NO_TARGET_EMITTED_pct,         -nan
FDIP_OFF_CONF_ON_NO_TARGET_EMITTED_total_count,             0
FDIP_OFF_CONF_ON_NO_TARGET_EMITTED_total_pct,         -nan
FDIP_OFF_CONF_ON_NO_TARGET_EMITTED_sum_count,             0
FDIP_OFF_CONF_ON_NO_TARGET_EMITTED_sum_pct,         -nan
FDIP_OFF_CONF_ON_NO_TARGET_EMITTED_sum_total_count,             0
FDIP_OFF_CONF_ON_NO_TARGET_EMITTED_sum_total_pct,         -nan
FDIP_OFF_CONF_ON_NO_TARGET_EMITTED_mean,         -nan
FDIP_OFF_CONF_ON_NO_TARGET_EMITTED_stddev,         -nan
FDIP_OFF_CONF_ON_NO_TARGET_EMITTED_total_mean,         -nan
FDIP_OFF_CONF_ON_NO_TARGET_EMITTED_total_stddev,         -nan

FDIP_OFF_CONF_ON_BP_INCORRECT_0_CONF_count,             0
FDIP_OFF_CONF_ON_BP_INCORRECT_0_CONF_pct,         -nan
FDIP_OFF_CONF_ON_BP_INCORRECT_0_CONF_total_count,             0
FDIP_OFF_CONF_ON_BP_INCORRECT_0_CONF_total_pct,         -nan

FDIP_OFF_CONF_ON_BP_INCORRECT_1_CONF_count,             0
FDIP_OFF_CONF_ON_BP_INCORRECT_1_CONF_pct,         -nan
FDIP_OFF_CONF_ON_BP_INCORRECT_1_CONF_total_count,             0
FDIP_OFF_CONF_ON_BP_INCORRECT_1_CONF_total_pct,         -nan

FDIP_OFF_CONF_ON_BP_INCORRECT_2_CONF_count,             0
FDIP_OFF_CONF_ON_BP_INCORRECT_2_CONF_pct,         -nan
FDIP_OFF_CONF_ON_BP_INCORRECT_2_CONF_total_count,             0
FDIP_OFF_CONF_ON_BP_INCORRECT_2_CONF_total_pct,         -nan

FDIP_OFF_CONF_ON_BP_INCORRECT_3_CONF_count,             0
FDIP_OFF_CONF_ON_BP_INCORRECT_3_CONF_pct,         -nan
FDIP_OFF_CONF_ON_BP_INCORRECT_3_CONF_total_count,             0
FDIP_OFF_CONF_ON_BP_INCORRECT_3_CONF_total_pct,         -nan
FDIP_OFF_CONF_ON_BP_INCORRECT_3_CONF_sum_count,             0
FDIP_OFF_CONF_ON_BP_INCORRECT_3_CONF_sum_pct,         -nan
FDIP_OFF_CONF_ON_BP_INCORRECT_3_CONF_sum_total_count,             0
FDIP_OFF_CONF_ON_BP_INCORRECT_3_CONF_sum_total_pct,         -nan
FDIP_OFF_CONF_ON_BP_INCORRECT_3_CONF_mean,         -nan
FDIP_OFF_CONF_ON_BP_INCORRECT_3_CONF_stddev,         -nan
FDIP_OFF_CONF_ON_BP_INCORRECT_3_CONF_total_mean,         -nan
FDIP_OFF_CONF_ON_BP_INCORRECT_3_CONF_total_stddev,         -nan

FDIP_OFF_CONF_ON_BTB_MISS_CBR_0_CONF_count,             0
FDIP_OFF_CONF_ON_BTB_MISS_CBR_0_CONF_pct,         -nan
FDIP_OFF_CONF_ON_BTB_MISS_CBR_0_CONF_total_count,             0
FDIP_OFF_CONF_ON_BTB_MISS_CBR_0_CONF_total_pct,         -nan

FDIP_OFF_CONF_ON_BTB_MISS_CBR_1_CONF_count,             0
FDIP_OFF_CONF_ON_BTB_MISS_CBR_1_CONF_pct,         -nan
FDIP_OFF_CONF_ON_BTB_MISS_CBR_1_CONF_total_count,             0
FDIP_OFF_CONF_ON_BTB_MISS_CBR_1_CONF_total_pct,         -nan

FDIP_OFF_CONF_ON_BTB_MISS_CBR_2_CONF_count,             0
FDIP_OFF_CONF_ON_BTB_MISS_CBR_2_CONF_pct,         -nan
FDIP_OFF_CONF_ON_BTB_MISS_CBR_2_CONF_total_count,             0
FDIP_OFF_CONF_ON_BTB_MISS_CBR_2_CONF_total_pct,         -nan

FDIP_OFF_CONF_ON_BTB_MISS_CBR_3_CONF_count,             0
FDIP_OFF_CONF_ON_BTB_MISS_CBR_3_CONF_pct,         -nan
FDIP_OFF_CONF_ON_BTB_MISS_CBR_3_CONF_total_count,             0
FDIP_OFF_CONF_ON_BTB_MISS_CBR_3_CONF_total_pct,         -nan
FDIP_OFF_CONF_ON_BTB_MISS_CBR_3_CONF_sum_count,             0
FDIP_OFF_CONF_ON_BTB_MISS_CBR_3_CONF_sum_pct,         -nan
FDIP_OFF_CONF_ON_BTB_MISS_CBR_3_CONF_sum_total_count,             0
FDIP_OFF_CONF_ON_BTB_MISS_CBR_3_CONF_sum_total_pct,         -nan
FDIP_OFF_CONF_ON_BTB_MISS_CBR_3_CONF_mean,         -nan
FDIP_OFF_CONF_ON_BTB_MISS_CBR_3_CONF_stddev,         -nan
FDIP_OFF_CONF_ON_BTB_MISS_CBR_3_CONF_total_mean,         -nan
FDIP_OFF_CONF_ON_BTB_MISS_CBR_3_CONF_total_stddev,         -nan

FDIP_OFF_CONF_ON_BTB_MISS_NOT_CF_count,             0
FDIP_OFF_CONF_ON_BTB_MISS_NOT_CF_pct,         -nan
FDIP_OFF_CONF_ON_BTB_MISS_NOT_CF_total_count,             0
FDIP_OFF_CONF_ON_BTB_MISS_NOT_CF_total_pct,         -nan

FDIP_OFF_CONF_ON_BTB_MISS_CF_BR_count,             0
FDIP_OFF_CONF_ON_BTB_MISS_CF_BR_pct,         -nan
FDIP_OFF_CONF_ON_BTB_MISS_CF_BR_total_count,             0
FDIP_OFF_CONF_ON_BTB_MISS_CF_BR_total_pct,         -nan

FDIP_OFF_CONF_ON_BTB_MISS_CF_CBR_count,             0
FDIP_OFF_CONF_ON_BTB_MISS_CF_CBR_pct,         -nan
FDIP_OFF_CONF_ON_BTB_MISS_CF_CBR_total_count,             0
FDIP_OFF_CONF_ON_BTB_MISS_CF_CBR_total_pct,         -nan

FDIP_OFF_CONF_ON_BTB_MISS_CF_CALL_count,             0
FDIP_OFF_CONF_ON_BTB_MISS_CF_CALL_pct,         -nan
FDIP_OFF_CONF_ON_BTB_MISS_CF_CALL_total_count,             0
FDIP_OFF_CONF_ON_BTB_MISS_CF_CALL_total_pct,         -nan

FDIP_OFF_CONF_ON_BTB_MISS_CF_IBR_count,             0
FDIP_OFF_CONF_ON_BTB_MISS_CF_IBR_pct,         -nan
FDIP_OFF_CONF_ON_BTB_MISS_CF_IBR_total_count,             0
FDIP_OFF_CONF_ON_BTB_MISS_CF_IBR_total_pct,         -nan

FDIP_OFF_CONF_ON_BTB_MISS_CF_ICALL_count,             0
FDIP_OFF_CONF_ON_BTB_MISS_CF_ICALL_pct,         -nan
FDIP_OFF_CONF_ON_BTB_MISS_CF_ICALL_total_count,             0
FDIP_OFF_CONF_ON_BTB_MISS_CF_ICALL_total_pct,         -nan

FDIP_OFF_CONF_ON_BTB_MISS_CF_ICO_count,             0
FDIP_OFF_CONF_ON_BTB_MISS_CF_ICO_pct,         -nan
FDIP_OFF_CONF_ON_BTB_MISS_CF_ICO_total_count,             0
FDIP_OFF_CONF_ON_BTB_MISS_CF_ICO_total_pct,         -nan

FDIP_OFF_CONF_ON_BTB_MISS_CF_RET_count,             0
FDIP_OFF_CONF_ON_BTB_MISS_CF_RET_pct,         -nan
FDIP_OFF_CONF_ON_BTB_MISS_CF_RET_total_count,             0
FDIP_OFF_CONF_ON_BTB_MISS_CF_RET_total_pct,         -nan

FDIP_OFF_CONF_ON_BTB_MISS_CF_SYS_count,             0
FDIP_OFF_CONF_ON_BTB_MISS_CF_SYS_pct,         -nan
FDIP_OFF_CONF_ON_BTB_MISS_CF_SYS_total_count,             0
FDIP_OFF_CONF_ON_BTB_MISS_CF_SYS_total_pct,         -nan
FDIP_OFF_CONF_ON_BTB_MISS_CF_SYS_sum_count,             0
FDIP_OFF_CONF_ON_BTB_MISS_CF_SYS_sum_pct,         -nan
FDIP_OFF_CONF_ON_BTB_MISS_CF_SYS_sum_total_count,             0
FDIP_OFF_CONF_ON_BTB_MISS_CF_SYS_sum_total_pct,         -nan
FDIP_OFF_CONF_ON_BTB_MISS_CF_SYS_mean,         -nan
FDIP_OFF_CONF_ON_BTB_MISS_CF_SYS_stddev,         -nan
FDIP_OFF_CONF_ON_BTB_MISS_CF_SYS_total_mean,         -nan
FDIP_OFF_CONF_ON_BTB_MISS_CF_SYS_total_stddev,         -nan

FDIP_ON_CONF_OFF_NUM_EVENTS_count,             0
FDIP_ON_CONF_OFF_NUM_EVENTS_total_count,             0

FDIP_ON_CONF_OFF_NUM_BTB_MISS_count,             0
FDIP_ON_CONF_OFF_NUM_BTB_MISS_total_count,             0

FDIP_ON_CONF_OFF_NUM_OP_DIST_INC_count,             0
FDIP_ON_CONF_OFF_NUM_OP_DIST_INC_total_count,             0

FDIP_ON_CONF_OFF_NUM_CF_BR_count,             0
FDIP_ON_CONF_OFF_NUM_CF_BR_pct,         -nan
FDIP_ON_CONF_OFF_NUM_CF_BR_total_count,             0
FDIP_ON_CONF_OFF_NUM_CF_BR_total_pct,         -nan

FDIP_ON_CONF_OFF_NUM_CF_CBR_count,             0
FDIP_ON_CONF_OFF_NUM_CF_CBR_pct,         -nan
FDIP_ON_CONF_OFF_NUM_CF_CBR_total_count,             0
FDIP_ON_CONF_OFF_NUM_CF_CBR_total_pct,         -nan

FDIP_ON_CONF_OFF_NUM_CF_CALL_count,             0
FDIP_ON_CONF_OFF_NUM_CF_CALL_pct,         -nan
FDIP_ON_CONF_OFF_NUM_CF_CALL_total_count,             0
FDIP_ON_CONF_OFF_NUM_CF_CALL_total_pct,         -nan

FDIP_ON_CONF_OFF_NUM_CF_IBR_count,             0
FDIP_ON_CONF_OFF_NUM_CF_IBR_pct,         -nan
FDIP_ON_CONF_OFF_NUM_CF_IBR_total_count,             0
FDIP_ON_CONF_OFF_NUM_CF_IBR_total_pct,         -nan

FDIP_ON_CONF_OFF_NUM_CF_ICALL_count,             0
FDIP_ON_CONF_OFF_NUM_CF_ICALL_pct,         -nan
FDIP_ON_CONF_OFF_NUM_CF_ICALL_total_count,             0
FDIP_ON_CONF_OFF_NUM_CF_ICALL_total_pct,         -nan

FDIP_ON_CONF_OFF_NUM_CF_ICO_count,             0
FDIP_ON_CONF_OFF_NUM_CF_ICO_pct,         -nan
FDIP_ON_CONF_OFF_NUM_CF_ICO_total_count,             0
FDIP_ON_CONF_OFF_NUM_CF_ICO_total_pct,         -nan

FDIP_ON_CONF_OFF_NUM_CF_RET_count,             0
FDIP_ON_CONF_OFF_NUM_CF_RET_pct,         -nan
FDIP_ON_CONF_OFF_NUM_CF_RET_total_count,             0
FDIP_ON_CONF_OFF_NUM_CF_RET_total_pct,         -nan

FDIP_ON_CONF_OFF_NUM_CF_SYS_count,             0
FDIP_ON_CONF_OFF_NUM_CF_SYS_pct,         -nan
FDIP_ON_CONF_OFF_NUM_CF_SYS_total_count,             0
FDIP_ON_CONF_OFF_NUM_CF_SYS_total_pct,         -nan
FDIP_ON_CONF_OFF_NUM_CF_SYS_sum_count,             0
FDIP_ON_CONF_OFF_NUM_CF_SYS_sum_pct,         -nan
FDIP_ON_CONF_OFF_NUM_CF_SYS_sum_total_count,             0
FDIP_ON_CONF_OFF_NUM_CF_SYS_sum_total_pct,         -nan
FDIP_ON_CONF_OFF_NUM_CF_SYS_mean,         -nan
FDIP_ON_CONF_OFF_NUM_CF_SYS_stddev,         -nan
FDIP_ON_CONF_OFF_NUM_CF_SYS_total_mean,         -nan
FDIP_ON_CONF_OFF_NUM_CF_SYS_total_stddev,         -nan

FDIP_ON_CONF_OFF_NUM_CONF_0_BR_count,             0
FDIP_ON_CONF_OFF_NUM_CONF_0_BR_pct,         -nan
FDIP_ON_CONF_OFF_NUM_CONF_0_BR_total_count,             0
FDIP_ON_CONF_OFF_NUM_CONF_0_BR_total_pct,         -nan

FDIP_ON_CONF_OFF_NUM_CONF_1_BR_count,             0
FDIP_ON_CONF_OFF_NUM_CONF_1_BR_pct,         -nan
FDIP_ON_CONF_OFF_NUM_CONF_1_BR_total_count,             0
FDIP_ON_CONF_OFF_NUM_CONF_1_BR_total_pct,         -nan

FDIP_ON_CONF_OFF_NUM_CONF_2_BR_count,             0
FDIP_ON_CONF_OFF_NUM_CONF_2_BR_pct,         -nan
FDIP_ON_CONF_OFF_NUM_CONF_2_BR_total_count,             0
FDIP_ON_CONF_OFF_NUM_CONF_2_BR_total_pct,         -nan

FDIP_ON_CONF_OFF_NUM_CONF_3_BR_count,             0
FDIP_ON_CONF_OFF_NUM_CONF_3_BR_pct,         -nan
FDIP_ON_CONF_OFF_NUM_CONF_3_BR_total_count,             0
FDIP_ON_CONF_OFF_NUM_CONF_3_BR_total_pct,         -nan
FDIP_ON_CONF_OFF_NUM_CONF_3_BR_sum_count,             0
FDIP_ON_CONF_OFF_NUM_CONF_3_BR_sum_pct,         -nan
FDIP_ON_CONF_OFF_NUM_CONF_3_BR_sum_total_count,             0
FDIP_ON_CONF_OFF_NUM_CONF_3_BR_sum_total_pct,         -nan
FDIP_ON_CONF_OFF_NUM_CONF_3_BR_mean,         -nan
FDIP_ON_CONF_OFF_NUM_CONF_3_BR_stddev,         -nan
FDIP_ON_CONF_OFF_NUM_CONF_3_BR_total_mean,         -nan
FDIP_ON_CONF_OFF_NUM_CONF_3_BR_total_stddev,         -nan

FDIP_BTB_NUM_CYCLES_OFF_PATH_EVENT_count,             0
FDIP_BTB_NUM_CYCLES_OFF_PATH_EVENT_total_count,             0

FDIP_BP_CONF_0_MISPRED_count,             0
FDIP_BP_CONF_0_MISPRED_pct,         -nan
FDIP_BP_CONF_0_MISPRED_total_count,             0
FDIP_BP_CONF_0_MISPRED_total_pct,         -nan

FDIP_BP_CONF_1_MISPRED_count,             0
FDIP_BP_CONF_1_MISPRED_pct,         -nan
FDIP_BP_CONF_1_MISPRED_total_count,             0
FDIP_BP_CONF_1_MISPRED_total_pct,         -nan

FDIP_BP_CONF_2_MISPRED_count,             0
FDIP_BP_CONF_2_MISPRED_pct,         -nan
FDIP_BP_CONF_2_MISPRED_total_count,             0
FDIP_BP_CONF_2_MISPRED_total_pct,         -nan

FDIP_BP_CONF_3_MISPRED_count,             0
FDIP_BP_CONF_3_MISPRED_pct,         -nan
FDIP_BP_CONF_3_MISPRED_total_count,             0
FDIP_BP_CONF_3_MISPRED_total_pct,         -nan

FDIP_BP_CONF_0_CORRECT_count,             0
FDIP_BP_CONF_0_CORRECT_pct,         -nan
FDIP_BP_CONF_0_CORRECT_total_count,             0
FDIP_BP_CONF_0_CORRECT_total_pct,         -nan

FDIP_BP_CONF_1_CORRECT_count,             0
FDIP_BP_CONF_1_CORRECT_pct,         -nan
FDIP_BP_CONF_1_CORRECT_total_count,             0
FDIP_BP_CONF_1_CORRECT_total_pct,         -nan

FDIP_BP_CONF_2_CORRECT_count,             0
FDIP_BP_CONF_2_CORRECT_pct,         -nan
FDIP_BP_CONF_2_CORRECT_total_count,             0
FDIP_BP_CONF_2_CORRECT_total_pct,         -nan

FDIP_BP_CONF_3_CORRECT_count,             0
FDIP_BP_CONF_3_CORRECT_pct,         -nan
FDIP_BP_CONF_3_CORRECT_total_count,             0
FDIP_BP_CONF_3_CORRECT_total_pct,         -nan
FDIP_BP_CONF_3_CORRECT_sum_count,             0
FDIP_BP_CONF_3_CORRECT_sum_pct,         -nan
FDIP_BP_CONF_3_CORRECT_sum_total_count,             0
FDIP_BP_CONF_3_CORRECT_sum_total_pct,         -nan
FDIP_BP_CONF_3_CORRECT_mean,         -nan
FDIP_BP_CONF_3_CORRECT_stddev,         -nan
FDIP_BP_CONF_3_CORRECT_total_mean,         -nan
FDIP_BP_CONF_3_CORRECT_total_stddev,         -nan

FDIP_ON_CONF_OFF_BTB_MISS_BP_TAKEN_CONF_0_count,             0
FDIP_ON_CONF_OFF_BTB_MISS_BP_TAKEN_CONF_0_pct,         -nan
FDIP_ON_CONF_OFF_BTB_MISS_BP_TAKEN_CONF_0_total_count,             0
FDIP_ON_CONF_OFF_BTB_MISS_BP_TAKEN_CONF_0_total_pct,         -nan

FDIP_ON_CONF_OFF_BTB_MISS_BP_TAKEN_CONF_1_count,             0
FDIP_ON_CONF_OFF_BTB_MISS_BP_TAKEN_CONF_1_pct,         -nan
FDIP_ON_CONF_OFF_BTB_MISS_BP_TAKEN_CONF_1_total_count,             0
FDIP_ON_CONF_OFF_BTB_MISS_BP_TAKEN_CONF_1_total_pct,         -nan

FDIP_ON_CONF_OFF_BTB_MISS_BP_TAKEN_CONF_2_count,             0
FDIP_ON_CONF_OFF_BTB_MISS_BP_TAKEN_CONF_2_pct,         -nan
FDIP_ON_CONF_OFF_BTB_MISS_BP_TAKEN_CONF_2_total_count,             0
FDIP_ON_CONF_OFF_BTB_MISS_BP_TAKEN_CONF_2_total_pct,         -nan

FDIP_ON_CONF_OFF_BTB_MISS_BP_TAKEN_CONF_3_count,             0
FDIP_ON_CONF_OFF_BTB_MISS_BP_TAKEN_CONF_3_pct,         -nan
FDIP_ON_CONF_OFF_BTB_MISS_BP_TAKEN_CONF_3_total_count,             0
FDIP_ON_CONF_OFF_BTB_MISS_BP_TAKEN_CONF_3_total_pct,         -nan

FDIP_ON_CONF_OFF_BTB_MISS_RATE_count,             0
FDIP_ON_CONF_OFF_BTB_MISS_RATE_pct,         -nan
FDIP_ON_CONF_OFF_BTB_MISS_RATE_total_count,             0
FDIP_ON_CONF_OFF_BTB_MISS_RATE_total_pct,         -nan

FDIP_ON_CONF_OFF_INV_CONF_INC_count,             0
FDIP_ON_CONF_OFF_INV_CONF_INC_pct,         -nan
FDIP_ON_CONF_OFF_INV_CONF_INC_total_count,             0
FDIP_ON_CONF_OFF_INV_CONF_INC_total_pct,         -nan
FDIP_ON_CONF_OFF_INV_CONF_INC_sum_count,             0
FDIP_ON_CONF_OFF_INV_CONF_INC_sum_pct,         -nan
FDIP_ON_CONF_OFF_INV_CONF_INC_sum_total_count,             0
FDIP_ON_CONF_OFF_INV_CONF_INC_sum_total_pct,         -nan
FDIP_ON_CONF_OFF_INV_CONF_INC_mean,         -nan
FDIP_ON_CONF_OFF_INV_CONF_INC_stddev,         -nan
FDIP_ON_CONF_OFF_INV_CONF_INC_total_mean,         -nan
FDIP_ON_CONF_OFF_INV_CONF_INC_total_stddev,         -nan

FDIP_ON_CONF_OFF_BTB_MISS_BP_TAKEN_CONF_0_PREF_CANDIDATES_count,             0
FDIP_ON_CONF_OFF_BTB_MISS_BP_TAKEN_CONF_0_PREF_CANDIDATES_pct,         -nan
FDIP_ON_CONF_OFF_BTB_MISS_BP_TAKEN_CONF_0_PREF_CANDIDATES_total_count,             0
FDIP_ON_CONF_OFF_BTB_MISS_BP_TAKEN_CONF_0_PREF_CANDIDATES_total_pct,         -nan

FDIP_ON_CONF_OFF_BTB_MISS_BP_TAKEN_CONF_1_PREF_CANDIDATES_count,             0
FDIP_ON_CONF_OFF_BTB_MISS_BP_TAKEN_CONF_1_PREF_CANDIDATES_pct,         -nan
FDIP_ON_CONF_OFF_BTB_MISS_BP_TAKEN_CONF_1_PREF_CANDIDATES_total_count,             0
FDIP_ON_CONF_OFF_BTB_MISS_BP_TAKEN_CONF_1_PREF_CANDIDATES_total_pct,         -nan

FDIP_ON_CONF_OFF_BTB_MISS_BP_TAKEN_CONF_2_PREF_CANDIDATES_count,             0
FDIP_ON_CONF_OFF_BTB_MISS_BP_TAKEN_CONF_2_PREF_CANDIDATES_pct,         -nan
FDIP_ON_CONF_OFF_BTB_MISS_BP_TAKEN_CONF_2_PREF_CANDIDATES_total_count,             0
FDIP_ON_CONF_OFF_BTB_MISS_BP_TAKEN_CONF_2_PREF_CANDIDATES_total_pct,         -nan

FDIP_ON_CONF_OFF_BTB_MISS_BP_TAKEN_CONF_3_PREF_CANDIDATES_count,             0
FDIP_ON_CONF_OFF_BTB_MISS_BP_TAKEN_CONF_3_PREF_CANDIDATES_pct,         -nan
FDIP_ON_CONF_OFF_BTB_MISS_BP_TAKEN_CONF_3_PREF_CANDIDATES_total_count,             0
FDIP_ON_CONF_OFF_BTB_MISS_BP_TAKEN_CONF_3_PREF_CANDIDATES_total_pct,         -nan

FDIP_ON_CONF_OFF_BTB_MISS_RATE_PREF_CANDIDATES_count,             0
FDIP_ON_CONF_OFF_BTB_MISS_RATE_PREF_CANDIDATES_pct,         -nan
FDIP_ON_CONF_OFF_BTB_MISS_RATE_PREF_CANDIDATES_total_count,             0
FDIP_ON_CONF_OFF_BTB_MISS_RATE_PREF_CANDIDATES_total_pct,         -nan

FDIP_ON_CONF_OFF_INV_CONF_INC_PREF_CANDIDATES_count,             0
FDIP_ON_CONF_OFF_INV_CONF_INC_PREF_CANDIDATES_pct,         -nan
FDIP_ON_CONF_OFF_INV_CONF_INC_PREF_CANDIDATES_total_count,             0
FDIP_ON_CONF_OFF_INV_CONF_INC_PREF_CANDIDATES_total_pct,         -nan
FDIP_ON_CONF_OFF_INV_CONF_INC_PREF_CANDIDATES_sum_count,             0
FDIP_ON_CONF_OFF_INV_CONF_INC_PREF_CANDIDATES_sum_pct,         -nan
FDIP_ON_CONF_OFF_INV_CONF_INC_PREF_CANDIDATES_sum_total_count,             0
FDIP_ON_CONF_OFF_INV_CONF_INC_PREF_CANDIDATES_sum_total_pct,         -nan
FDIP_ON_CONF_OFF_INV_CONF_INC_PREF_CANDIDATES_mean,         -nan
FDIP_ON_CONF_OFF_INV_CONF_INC_PREF_CANDIDATES_stddev,         -nan
FDIP_ON_CONF_OFF_INV_CONF_INC_PREF_CANDIDATES_total_mean,         -nan
FDIP_ON_CONF_OFF_INV_CONF_INC_PREF_CANDIDATES_total_stddev,         -nan

FDIP_ON_CONF_OFF_BTB_MISS_BP_TAKEN_CONF_0_EMITTED_count,             0
FDIP_ON_CONF_OFF_BTB_MISS_BP_TAKEN_CONF_0_EMITTED_pct,         -nan
FDIP_ON_CONF_OFF_BTB_MISS_BP_TAKEN_CONF_0_EMITTED_total_count,             0
FDIP_ON_CONF_OFF_BTB_MISS_BP_TAKEN_CONF_0_EMITTED_total_pct,         -nan

FDIP_ON_CONF_OFF_BTB_MISS_BP_TAKEN_CONF_1_EMITTED_count,             0
FDIP_ON_CONF_OFF_BTB_MISS_BP_TAKEN_CONF_1_EMITTED_pct,         -nan
FDIP_ON_CONF_OFF_BTB_MISS_BP_TAKEN_CONF_1_EMITTED_total_count,             0
FDIP_ON_CONF_OFF_BTB_MISS_BP_TAKEN_CONF_1_EMITTED_total_pct,         -nan

FDIP_ON_CONF_OFF_BTB_MISS_BP_TAKEN_CONF_2_EMITTED_count,             0
FDIP_ON_CONF_OFF_BTB_MISS_BP_TAKEN_CONF_2_EMITTED_pct,         -nan
FDIP_ON_CONF_OFF_BTB_MISS_BP_TAKEN_CONF_2_EMITTED_total_count,             0
FDIP_ON_CONF_OFF_BTB_MISS_BP_TAKEN_CONF_2_EMITTED_total_pct,         -nan

FDIP_ON_CONF_OFF_BTB_MISS_BP_TAKEN_CONF_3_EMITTED_count,             0
FDIP_ON_CONF_OFF_BTB_MISS_BP_TAKEN_CONF_3_EMITTED_pct,         -nan
FDIP_ON_CONF_OFF_BTB_MISS_BP_TAKEN_CONF_3_EMITTED_total_count,             0
FDIP_ON_CONF_OFF_BTB_MISS_BP_TAKEN_CONF_3_EMITTED_total_pct,         -nan

FDIP_ON_CONF_OFF_BTB_MISS_RATE_EMITTED_count,             0
FDIP_ON_CONF_OFF_BTB_MISS_RATE_EMITTED_pct,         -nan
FDIP_ON_CONF_OFF_BTB_MISS_RATE_EMITTED_total_count,             0
FDIP_ON_CONF_OFF_BTB_MISS_RATE_EMITTED_total_pct,         -nan

FDIP_ON_CONF_OFF_INV_CONF_INC_EMITTED_count,             0
FDIP_ON_CONF_OFF_INV_CONF_INC_EMITTED_pct,         -nan
FDIP_ON_CONF_OFF_INV_CONF_INC_EMITTED_total_count,             0
FDIP_ON_CONF_OFF_INV_CONF_INC_EMITTED_total_pct,         -nan
FDIP_ON_CONF_OFF_INV_CONF_INC_EMITTED_sum_count,             0
FDIP_ON_CONF_OFF_INV_CONF_INC_EMITTED_sum_pct,         -nan
FDIP_ON_CONF_OFF_INV_CONF_INC_EMITTED_sum_total_count,             0
FDIP_ON_CONF_OFF_INV_CONF_INC_EMITTED_sum_total_pct,         -nan
FDIP_ON_CONF_OFF_INV_CONF_INC_EMITTED_mean,         -nan
FDIP_ON_CONF_OFF_INV_CONF_INC_EMITTED_stddev,         -nan
FDIP_ON_CONF_OFF_INV_CONF_INC_EMITTED_total_mean,         -nan
FDIP_ON_CONF_OFF_INV_CONF_INC_EMITTED_total_stddev,         -nan

ICACHE_FIRST_MISS_AFTER_WARMUP_SEEN_DURING_WARMUP_count,             0
ICACHE_FIRST_MISS_AFTER_WARMUP_SEEN_DURING_WARMUP_pct,         -nan
ICACHE_FIRST_MISS_AFTER_WARMUP_SEEN_DURING_WARMUP_total_count,             0
ICACHE_FIRST_MISS_AFTER_WARMUP_SEEN_DURING_WARMUP_total_pct,         -nan

ICACHE_FIRST_MISS_AFTER_WARMUP_NOT_SEEN_DURING_WARMUP_count,             0
ICACHE_FIRST_MISS_AFTER_WARMUP_NOT_SEEN_DURING_WARMUP_pct,         -nan
ICACHE_FIRST_MISS_AFTER_WARMUP_NOT_SEEN_DURING_WARMUP_total_count,             0
ICACHE_FIRST_MISS_AFTER_WARMUP_NOT_SEEN_DURING_WARMUP_total_pct,         -nan
ICACHE_FIRST_MISS_AFTER_WARMUP_NOT_SEEN_DURING_WARMUP_sum_count,             0
ICACHE_FIRST_MISS_AFTER_WARMUP_NOT_SEEN_DURING_WARMUP_sum_pct,         -nan
ICACHE_FIRST_MISS_AFTER_WARMUP_NOT_SEEN_DURING_WARMUP_sum_total_count,             0
ICACHE_FIRST_MISS_AFTER_WARMUP_NOT_SEEN_DURING_WARMUP_sum_total_pct,         -nan
ICACHE_FIRST_MISS_AFTER_WARMUP_NOT_SEEN_DURING_WARMUP_mean,         -nan
ICACHE_FIRST_MISS_AFTER_WARMUP_NOT_SEEN_DURING_WARMUP_stddev,         -nan
ICACHE_FIRST_MISS_AFTER_WARMUP_NOT_SEEN_DURING_WARMUP_total_mean,         -nan
ICACHE_FIRST_MISS_AFTER_WARMUP_NOT_SEEN_DURING_WARMUP_total_stddev,         -nan

ICACHE_FIRST_MISS_AFTER_WARMUP_NO_PREF_DURING_WARMUP_count,             0
ICACHE_FIRST_MISS_AFTER_WARMUP_NO_PREF_DURING_WARMUP_pct,         -nan
ICACHE_FIRST_MISS_AFTER_WARMUP_NO_PREF_DURING_WARMUP_total_count,             0
ICACHE_FIRST_MISS_AFTER_WARMUP_NO_PREF_DURING_WARMUP_total_pct,         -nan

ICACHE_FIRST_MISS_AFTER_WARMUP_TRAINED_UNUSEFUL_DURING_WARMUP_count,             0
ICACHE_FIRST_MISS_AFTER_WARMUP_TRAINED_UNUSEFUL_DURING_WARMUP_pct,         -nan
ICACHE_FIRST_MISS_AFTER_WARMUP_TRAINED_UNUSEFUL_DURING_WARMUP_total_count,             0
ICACHE_FIRST_MISS_AFTER_WARMUP_TRAINED_UNUSEFUL_DURING_WARMUP_total_pct,         -nan

ICACHE_FIRST_MISS_AFTER_WARMUP_TRAINED_USEFUL_DURING_WARMUP_count,             0
ICACHE_FIRST_MISS_AFTER_WARMUP_TRAINED_USEFUL_DURING_WARMUP_pct,         -nan
ICACHE_FIRST_MISS_AFTER_WARMUP_TRAINED_USEFUL_DURING_WARMUP_total_count,             0
ICACHE_FIRST_MISS_AFTER_WARMUP_TRAINED_USEFUL_DURING_WARMUP_total_pct,         -nan
ICACHE_FIRST_MISS_AFTER_WARMUP_TRAINED_USEFUL_DURING_WARMUP_sum_count,             0
ICACHE_FIRST_MISS_AFTER_WARMUP_TRAINED_USEFUL_DURING_WARMUP_sum_pct,         -nan
ICACHE_FIRST_MISS_AFTER_WARMUP_TRAINED_USEFUL_DURING_WARMUP_sum_total_count,             0
ICACHE_FIRST_MISS_AFTER_WARMUP_TRAINED_USEFUL_DURING_WARMUP_sum_total_pct,         -nan
ICACHE_FIRST_MISS_AFTER_WARMUP_TRAINED_USEFUL_DURING_WARMUP_mean,         -nan
ICACHE_FIRST_MISS_AFTER_WARMUP_TRAINED_USEFUL_DURING_WARMUP_stddev,         -nan
ICACHE_FIRST_MISS_AFTER_WARMUP_TRAINED_USEFUL_DURING_WARMUP_total_mean,         -nan
ICACHE_FIRST_MISS_AFTER_WARMUP_TRAINED_USEFUL_DURING_WARMUP_total_stddev,         -nan

FDIP_PREFETCH_EVICT_NO_HIT_ONLY_ONCE_count,             0
FDIP_PREFETCH_EVICT_NO_HIT_ONLY_ONCE_total_count,             0

FDIP_PREFETCH_HIT_ICACHE_count,             0
FDIP_PREFETCH_HIT_ICACHE_pct,         -nan
FDIP_PREFETCH_HIT_ICACHE_total_count,             0
FDIP_PREFETCH_HIT_ICACHE_total_pct,         -nan

FDIP_PREFETCH_HIT_MLC_count,             0
FDIP_PREFETCH_HIT_MLC_pct,         -nan
FDIP_PREFETCH_HIT_MLC_total_count,             0
FDIP_PREFETCH_HIT_MLC_total_pct,         -nan

FDIP_PREFETCH_HIT_L1_count,             0
FDIP_PREFETCH_HIT_L1_pct,         -nan
FDIP_PREFETCH_HIT_L1_total_count,             0
FDIP_PREFETCH_HIT_L1_total_pct,         -nan

FDIP_PREFETCH_HIT_DRAM_count,             0
FDIP_PREFETCH_HIT_DRAM_pct,         -nan
FDIP_PREFETCH_HIT_DRAM_total_count,             0
FDIP_PREFETCH_HIT_DRAM_total_pct,         -nan
FDIP_PREFETCH_HIT_DRAM_sum_count,             0
FDIP_PREFETCH_HIT_DRAM_sum_pct,         -nan
FDIP_PREFETCH_HIT_DRAM_sum_total_count,             0
FDIP_PREFETCH_HIT_DRAM_sum_total_pct,         -nan
FDIP_PREFETCH_HIT_DRAM_mean,         -nan
FDIP_PREFETCH_HIT_DRAM_stddev,         -nan
FDIP_PREFETCH_HIT_DRAM_total_mean,         -nan
FDIP_PREFETCH_HIT_DRAM_total_stddev,         -nan

FDIP_MEM_BUF_MISS_count,             0
FDIP_MEM_BUF_MISS_pct,         -nan
FDIP_MEM_BUF_MISS_total_count,             0
FDIP_MEM_BUF_MISS_total_pct,         -nan

FDIP_MEM_BUF_FOUND_count,             0
FDIP_MEM_BUF_FOUND_pct,         -nan
FDIP_MEM_BUF_FOUND_total_count,             0
FDIP_MEM_BUF_FOUND_total_pct,         -nan
FDIP_MEM_BUF_FOUND_sum_count,             0
FDIP_MEM_BUF_FOUND_sum_pct,         -nan
FDIP_MEM_BUF_FOUND_sum_total_count,             0
FDIP_MEM_BUF_FOUND_sum_total_pct,         -nan
FDIP_MEM_BUF_FOUND_mean,         -nan
FDIP_MEM_BUF_FOUND_stddev,         -nan
FDIP_MEM_BUF_FOUND_total_mean,         -nan
FDIP_MEM_BUF_FOUND_total_stddev,         -nan

DJOLT_PREFETCH_ENTRY_count,             0
DJOLT_PREFETCH_ENTRY_total_count,             0

DJOLT_PREFETCH_INITIAL_count,             0
DJOLT_PREFETCH_INITIAL_total_count,             0

DJOLT_PREFETCH_SIG_count,             0
DJOLT_PREFETCH_SIG_total_count,             0

FNLMMA_PREFETCH_TYPE0_count,             0
FNLMMA_PREFETCH_TYPE0_pct,         -nan
FNLMMA_PREFETCH_TYPE0_total_count,             0
FNLMMA_PREFETCH_TYPE0_total_pct,         -nan

FNLMMA_PREFETCH_TYPE1_count,             0
FNLMMA_PREFETCH_TYPE1_pct,         -nan
FNLMMA_PREFETCH_TYPE1_total_count,             0
FNLMMA_PREFETCH_TYPE1_total_pct,         -nan

FNLMMA_PREFETCH_TYPE2_count,             0
FNLMMA_PREFETCH_TYPE2_pct,         -nan
FNLMMA_PREFETCH_TYPE2_total_count,             0
FNLMMA_PREFETCH_TYPE2_total_pct,         -nan

FNLMMA_PREFETCH_TYPE3_count,             0
FNLMMA_PREFETCH_TYPE3_pct,         -nan
FNLMMA_PREFETCH_TYPE3_total_count,             0
FNLMMA_PREFETCH_TYPE3_total_pct,         -nan

FNLMMA_PREFETCH_TYPE4_count,             0
FNLMMA_PREFETCH_TYPE4_pct,         -nan
FNLMMA_PREFETCH_TYPE4_total_count,             0
FNLMMA_PREFETCH_TYPE4_total_pct,         -nan
FNLMMA_PREFETCH_TYPE4_sum_count,             0
FNLMMA_PREFETCH_TYPE4_sum_pct,         -nan
FNLMMA_PREFETCH_TYPE4_sum_total_count,             0
FNLMMA_PREFETCH_TYPE4_sum_total_pct,         -nan
FNLMMA_PREFETCH_TYPE4_mean,         -nan
FNLMMA_PREFETCH_TYPE4_stddev,         -nan
FNLMMA_PREFETCH_TYPE4_total_mean,         -nan
FNLMMA_PREFETCH_TYPE4_total_stddev,         -nan



